     538       0    1577       0    1828       0       0       0       0
    1309       0    1343       0    1717       0       0     156       0
    1821       0     208       0    3698     177       0       0       0
    1386       0     367       0    2934       0       0       0       0
     948      23    1018     180    1272       0       0       0       0
     277     515     280    1187     188    1195       0       0       0
       0     592       0    2063       0     913       0       0       0
       0    2161       0    2784       0    1532       0       0       0
       0     975       0    1204       0    1202       0       0       0
       0    1296       0    2200       0    1014       0       0       0
       0     278       0    1517       0     707       0       0       0
       0     415       0    2099       0     610       0       0       0
       0    1013       3    1717       0     810       0       0       0
    3733      35    1561      17    1393     122       0       0       0
    2206       0     773       0     572       0       0       0       0
    2716       0     730       0     537       0       0       0       0
    4582       0    1250       0     609       0       0       0       0
    2280       0    2630       0    1720       0       0       0       0
       0    2446       0    4553       0    1699       0       0       0
       0    3392       0    3811       0    1006       0       0       0
       0    1263       0    3189       0    1391       0       0       0
     132     466      51    1656      12     244       0       0       0
    3206       9    2176      67     915      25       0       0       0
    2058       0     965       0     592       0       0       0       0
    4131       0    2374       0    1115       0       0       0       0
       0    1975       0    1593       0    1782       0       0       0
       0    2413       0    2079       0    1628       0       0       0
       0    3444       0    1799       0    1967       0       0       0
     833    2376     535     747     246     466       0       0       0
    4922       0    1715       0     505       0       0       0       0
       0     618       0    1770       0     556       0       0       0
       0    2965       0    1416       0    1176       0       0       0
       0    2992       0    1081       0     409       0       0       0
       0    2192       0     337       0     260       0       0       0
    1664       0    1733      11    1430       6       0       0       0
      51    4300     153    2279     166    1889       0       0       0
     183    1379     287    1554     207     518       0       0       0
    1914    1690     100     235     252     517       0       0       0
    3785       0     569       0     898       0       0       0       0
       8    1888       0     718       1     772       0       0       0
     588    2217     239     758     225     904       0       0       0
     335      36     349      39    2797     487       0     184       0
     305     542     439    1885    1032    1663       0       0       0
       0    1888       0    3785       0    1424       0       0       0
    4234       0    1238       0     849       0       0       0       0
    5043       0     354       0     393       0       0       0       0
     738       0    1688       0     515       0       0       0       0
    4663       0    1312       0     449       0       0       0       0
    2683       0     714       0     178       0       0       0       0
       0     685       0    4003       0    1726       0       0       0
       0    3557       0    3233       0    1536       0       0       0
    3385       0     902       0     355       0       0       0       0
    1646       0     786       0      75       0       0       0       0
    6171     404     596     103     564     206       0       0       0
    1841       0     539       0     153       0       0       0       0
     234     430     705    1555     336    2319       0       0       0
       0    1755       0    1335       8    1498       0       0       0
     235    1582     511    1227     186     317       0       0       0
       0     538       0    1481       0     789       0       0       0
    2288    2293     844     671     131     799       0       0       0
    1684      75     537       0      76       0       0       0       0
     381    3329     163    1350      26     658       0       0       0
    1423     712      96      74     204     301       0       0       0
       0    1962       0    2456       0    1046       0       0       0
       0    1967       0     820       0     305       0       0       0
     713    1153    1545    1893     929     883       0       0       0
    1318     592     369     180     800     285       0       0       0
    1912      11     853       0     725       0       0       0       0
       0     565      25    1620       0     651       0       0       0
     899      14    2318      66     376      13       0       0       0
     101    2120       5    1872      78    1975       0       0       0
     717     703    1124     551     354     210       0       0       0
       0    3551       0     970       0     867       0       0       0
    3630       0     970       0     410       0       0       0       0
     820     267     784     100    3001      36       0       0       0
    2785       0     968       0    1179       0       0       0      33
    3478       0     970       0     494       0       0       0       0
    1136    1486     164    1286     174     514       0       0       0
       0    2058       0    1894       0     792       0       0       0
    1528       0    2111       0    1064       0       0       0       0
     104     698       9     468    2738     641       0       0       0
       0    2111       0    1910       0     637       0       0       0
    3993       0     288       0     185       0       0       0       0
    2861       0    1018       0     569       0       0       0       0
     465     662     409     623    1564     358       0       0       0
     788     554    1909     465     276      56       0       0       0
    2854       0     614       0     541       0       0       0       0
     684     255     210     965    1425     255       0       0       0
       0     982       0    1286       0    1472       0       0       0
       0    1964       0    1050       0     663       0       0       0
       0    2060       0    1206       0     352       0       0       0
     761    2145     275     105      23     211       0       0       0
    3087       0     180       0     231       0       0       0       0
    1803       0    1209       0     285       0       0       0       0
       0    1504       0     911       0     878       0       0       0
    1686       0    1077       0     345       0       0       0       0
    1535       0     848       0     593       0       0       0       0
       0     358      50    1651      50     821       0       0       0
       0    1913       0     675       0     148       0       0       0
    1751     539      99      79     197      44       0       0       0
    2321       0     179       0     203       0       0       0       0
       0    1005       0    1286       0     379       0       0       0
       0     938       0    1270       0     362       0       0       0
       0    1122       0     925       0     491       0       0       0
       0    1589       0     616       0     245       0       0       0
     147     628     177    1025      58     413       0       0       0
    1384       0     836       0     226       0       0       0       0
     334     163      14      54    1823      50       0       0       0
