      0.5634      0.0000      0.4917      0.0000      0.3698      0.0000      0.0000      0.0000      0.0000      0.4341
      0.4399      0.0000      0.4826      0.0000      0.2434      0.0000      0.0000      0.1247      0.0000      0.3209
      0.4031      0.0000      0.4499      0.0000      0.3584      0.0783      0.0000      0.0000      0.0000      0.3597
      0.5021      0.0000      0.5354      0.0000      0.3788      0.0000      0.0000      0.0000      0.0000      0.4321
      0.6342      0.1446      0.4264      0.1593      0.6244      0.0000      0.0000      0.0000      0.0000      0.4933
      1.0000      0.5042      1.0000      0.4408      1.0000      0.5931      0.0000      0.0000      0.0000      0.5915
      0.0000      0.4880      0.0000      0.7162      0.0000      0.5218      0.0000      0.0000      0.0000      0.6380
      0.0000      0.3328      0.0000      0.3624      0.0000      0.3369      0.0000      0.0000      0.0000      0.3467
      0.0000      0.4148      0.0000      0.4428      0.0000      0.4746      0.0000      0.0000      0.0000      0.4409
      0.0000      0.5897      0.0000      0.5865      0.0000      0.5431      0.0000      0.0000      0.0000      0.5774
      0.0000      0.6490      0.0000      0.6314      0.0000      0.6990      0.0000      0.0000      0.0000      0.6528
      0.0000      0.7518      0.0000      0.6449      0.0000      0.5915      0.0000      0.0000      0.0000      0.6400
      0.0000      0.4867      1.0000      0.7041      0.0000      0.6420      0.0000      0.0000      0.0000      0.6470
      0.3360      0.3420      0.9555      1.0000      0.6882      0.6424      0.0000      0.0000      0.0000      0.5730
      0.6927      0.0000      1.0000      0.0000      0.8064      0.0000      0.0000      0.0000      0.0000      0.8703
      0.7479      0.0000      0.6548      0.0000      0.4772      0.0000      0.0000      0.0000      0.0000      0.7058
      0.3166      0.0000      0.3160      0.0000      0.6714      0.0000      0.0000      0.0000      0.0000      0.3257
      0.2395      0.0000      0.1809      0.0000      0.1891      0.0000      0.0000      0.0000      0.0000      0.1958
      0.0000      0.5608      0.0000      0.3876      0.0000      0.4767      0.0000      0.0000      0.0000      0.4507
      0.0000      0.4154      0.0000      0.3800      0.0000      0.4766      0.0000      0.0000      0.0000      0.4078
      0.0000      0.4149      0.0000      0.4975      0.0000      0.7717      0.0000      0.0000      0.0000      0.5622
      0.9613      0.4110      0.3143      0.9206      0.4778      0.7228      0.0000      0.0000      0.0000      0.8060
      0.3646      0.3893      0.7853      0.5042      0.4622      0.3153      0.0000      0.0000      0.0000      0.5389
      0.5990      0.0000      0.8439      0.0000      0.6455      0.0000      0.0000      0.0000      0.0000      0.6764
      0.2963      0.0000      0.5022      0.0000      0.3594      0.0000      0.0000      0.0000      0.0000      0.3479
      0.0000      0.4860      0.0000      0.5779      0.0000      0.4948      0.0000      0.0000      0.0000      0.5140
      0.0000      0.4445      0.0000      0.5786      0.0000      0.7736      0.0000      0.0000      0.0000      0.5985
      0.0000      0.3481      0.0000      0.5163      0.0000      0.7003      0.0000      0.0000      0.0000      0.5021
      0.7226      0.3810      0.9590      0.8773      0.7772      0.3538      0.0000      0.0000      0.0000      0.5560
      0.2815      0.0000      0.3270      0.0000      0.3582      0.0000      0.0000      0.0000      0.0000      0.2943
      0.0000      0.6608      0.0000      0.8442      0.0000      0.7402      0.0000      0.0000      0.0000      0.8032
      0.0000      0.5817      0.0000      0.9363      0.0000      0.5781      0.0000      0.0000      0.0000      0.6626
      0.0000      0.4857      0.0000      0.7122      0.0000      0.4469      0.0000      0.0000      0.0000      0.5399
      0.0000      0.3275      0.0000      0.4720      0.0000      0.2749      0.0000      0.0000      0.0000      0.3392
      0.4586      0.0000      0.5455      0.3459      0.3133      0.3361      0.0000      0.0000      0.0000      0.4398
      1.0000      0.2016      1.0000      0.3346      0.8466      0.4492      0.0000      0.0000      0.0000      0.2974
      0.3394      0.6225      1.0000      0.9456      1.0000      1.0000      0.0000      0.0000      0.0000      0.9077
      0.6073      0.8191      0.8787      0.7374      0.5330      0.6652      0.0000      0.0000      0.0000      0.6890
      0.3288      0.0000      0.3127      0.0000      0.2557      0.0000      0.0000      0.0000      0.0000      0.3086
      0.3660      0.6083      0.0000      0.9427      0.3400      0.8995      0.0000      0.0000      0.0000      0.7679
      0.2442      0.2935      0.2691      0.2707      0.2208      0.3312      0.0000      0.0000      0.0000      0.2837
      0.2004      0.1632      0.4342      0.1872      0.3644      0.2950      0.0000      0.4609      0.0000      0.3515
      0.3408      0.2546      0.4417      0.5882      0.4446      0.5270      0.0000      0.0000      0.0000      0.4857
      0.0000      0.2284      0.0000      0.4449      0.0000      0.5422      0.0000      0.0000      0.0000      0.4180
      0.3788      0.0000      0.7297      0.0000      0.6535      0.0000      0.0000      0.0000      0.0000      0.4927
      0.2397      0.0000      0.2166      0.0000      0.3170      0.0000      0.0000      0.0000      0.0000      0.2409
      0.6619      0.0000      0.9282      0.0000      0.8587      0.0000      0.0000      0.0000      0.0000      0.8623
      0.3538      0.0000      0.4301      0.0000      0.4125      0.0000      0.0000      0.0000      0.0000      0.3698
      0.2478      0.0000      0.2659      0.0000      0.1946      0.0000      0.0000      0.0000      0.0000      0.2491
      0.0000      0.3649      0.0000      0.4308      0.0000      0.4897      0.0000      0.0000      0.0000      0.4412
      0.0000      0.2147      0.0000      0.4314      0.0000      0.4681      0.0000      0.0000      0.0000      0.3592
      0.5578      0.0000      0.3699      0.0000      0.8414      0.0000      0.0000      0.0000      0.0000      0.5275
      0.2051      0.0000      0.2056      0.0000      0.1672      0.0000      0.0000      0.0000      0.0000      0.2032
      0.2890      0.6075      0.2476      0.7390      0.3782      0.7178      0.0000      0.0000      0.0000      0.3142
      0.2350      0.0000      0.1715      0.0000      0.1566      0.0000      0.0000      0.0000      0.0000      0.2038
      0.7090      0.2608      0.7537      0.3977      0.5977      0.4511      0.0000      0.0000      0.0000      0.4583
      0.0000      0.2511      0.0000      0.3705      0.4200      0.5619      0.0000      0.0000      0.0000      0.3980
      0.8061      0.2946      0.6892      0.3575      0.6794      0.4359      0.0000      0.0000      0.0000      0.4719
      0.0000      0.1789      0.0000      0.3216      0.0000      0.3213      0.0000      0.0000      0.0000      0.2929
      0.1925      0.8266      0.1533      1.0000      0.2998      0.5981      0.0000      0.0000      0.0000      0.3366
      0.1804      0.5642      0.1696      0.0000      0.1352      0.0000      0.0000      0.0000      0.0000      0.1772
      0.9289      0.2920      1.0000      0.7806      0.8477      0.4496      0.0000      0.0000      0.0000      0.4331
      0.3373      0.2056      0.7002      0.3809      0.6842      0.2240      0.0000      0.0000      0.0000      0.3095
      0.0000      0.3046      0.0000      0.4624      0.0000      0.4345      0.0000      0.0000      0.0000      0.3975
      0.0000      0.1838      0.0000      0.3151      0.0000      0.2882      0.0000      0.0000      0.0000      0.2169
      0.5884      0.1635      0.4276      0.1693      0.5449      0.1642      0.0000      0.0000      0.0000      0.2961
      0.9649      1.0000      0.7559      1.0000      0.6290      1.0000      0.0000      0.0000      0.0000      0.9124
      0.2665      0.1669      0.2953      0.0000      0.2368      0.0000      0.0000      0.0000      0.0000      0.2637
      0.0000      0.5583      0.4652      0.7931      0.0000      0.8425      0.0000      0.0000      0.0000      0.7792
      0.2357      0.4645      0.2960      0.2840      0.3264      1.0000      0.0000      0.0000      0.0000      0.2841
      0.3343      0.4193      0.8007      0.4703      0.4055      0.5745      0.0000      0.0000      0.0000      0.4861
      0.6843      0.1908      0.7253      0.1978      0.8026      0.1956      0.0000      0.0000      0.0000      0.4386
      0.0000      0.3703      0.0000      0.3245      0.0000      0.4269      0.0000      0.0000      0.0000      0.3678
      0.3432      0.0000      0.5958      0.0000      0.5572      0.0000      0.0000      0.0000      0.0000      0.3793
      0.2846      0.1364      0.2305      0.1307      0.2924      0.1396      0.0000      0.0000      0.0000      0.2698
      0.3819      0.0000      0.4349      0.0000      0.2769      0.0000      0.0000      0.0000      0.1695      0.3612
      0.2566      0.0000      0.2828      0.0000      0.4405      0.0000      0.0000      0.0000      0.0000      0.2688
      0.2207      0.4249      0.2584      1.0000      0.2160      0.9529      0.0000      0.0000      0.0000      0.6293
      0.0000      0.3134      0.0000      0.8462      0.0000      0.6466      0.0000      0.0000      0.0000      0.5987
      0.2500      0.0000      0.3973      0.0000      0.2730      0.0000      0.0000      0.0000      0.0000      0.3118
      0.3619      0.2014      0.3777      0.1839      0.9772      0.3615      0.0000      0.0000      0.0000      0.5701
      0.0000      0.3434      0.0000      0.6186      0.0000      0.4843      0.0000      0.0000      0.0000      0.4869
      0.2482      0.0000      0.3847      0.0000      0.4421      0.0000      0.0000      0.0000      0.0000      0.2584
      0.2710      0.0000      0.2012      0.0000      0.1836      0.0000      0.0000      0.0000      0.0000      0.2260
      0.5372      0.1672      0.3830      0.1818      0.6117      0.1758      0.0000      0.0000      0.0000      0.4084
      0.4393      0.1529      0.3883      0.1744      0.8208      0.1364      0.0000      0.0000      0.0000      0.3229
      0.3819      0.0000      0.7309      0.0000      0.5198      0.0000      0.0000      0.0000      0.0000      0.4307
      0.7307      0.1526      0.7286      0.1531      0.6167      0.2025      0.0000      0.0000      0.0000      0.3973
      0.0000      0.3120      0.0000      0.5381      0.0000      0.6890      0.0000      0.0000      0.0000      0.5039
      0.0000      0.4144      0.0000      0.5100      0.0000      0.3241      0.0000      0.0000      0.0000      0.4289
      0.0000      0.2162      0.0000      0.3840      0.0000      0.4263      0.0000      0.0000      0.0000      0.2793
      0.2524      0.6367      0.2297      0.8572      0.2015      0.4385      0.0000      0.0000      0.0000      0.4567
      0.3055      0.0000      0.4053      0.0000      0.4070      0.0000      0.0000      0.0000      0.0000      0.3112
      0.2700      0.0000      0.2649      0.0000      0.2704      0.0000      0.0000      0.0000      0.0000      0.2683
      0.0000      0.2071      0.0000      0.1974      0.0000      0.3044      0.0000      0.0000      0.0000      0.2187
      0.1956      0.0000      0.2453      0.0000      0.4021      0.0000      0.0000      0.0000      0.0000      0.2266
      0.2108      0.0000      0.2434      0.0000      0.2304      0.0000      0.0000      0.0000      0.0000      0.2213
      0.0000      0.2163      1.0000      0.2760      1.0000      0.2183      0.0000      0.0000      0.0000      0.2791
      0.0000      0.3202      0.0000      0.5137      0.0000      0.2528      0.0000      0.0000      0.0000      0.3617
      0.1981      0.7115      0.3502      0.3715      0.2591      0.7194      0.0000      0.0000      0.0000      0.2527
      0.1975      0.0000      0.9773      0.0000      0.2439      0.0000      0.0000      0.0000      0.0000      0.2216
      0.0000      0.1665      0.0000      0.2377      0.0000      0.3084      0.0000      0.0000      0.0000      0.2193
      0.0000      0.1818      0.0000      0.3676      0.0000      0.4515      0.0000      0.0000      0.0000      0.3253
      0.0000      0.1858      0.0000      0.2331      0.0000      0.2741      0.0000      0.0000      0.0000      0.2150
      0.0000      0.2743      0.0000      0.2452      0.0000      0.2805      0.0000      0.0000      0.0000      0.2657
      1.0000      0.1605      0.6767      0.1484      0.7833      0.1548      0.0000      0.0000      0.0000      0.1862
      0.2185      0.0000      0.2373      0.0000      0.3370      0.0000      0.0000      0.0000      0.0000      0.2358
      0.1565      0.1238      0.2038      0.1274      0.2896      0.1351      0.0000      0.0000      0.0000      0.2679
