    512.1123      0.0000   1372.1583      0.0000   1324.7114      0.0000      0.0000      0.0000      0.0000
   1717.1880      0.0000   1579.1062      0.0000   1307.7951      0.0000      0.0000    108.5314      0.0000
   5687.8727      0.0000    746.3555      0.0000   8257.5221   1013.1690      0.0000      0.0000      0.0000
   1606.5115      0.0000    929.9364      0.0000   7557.6987      0.0000      0.0000      0.0000      0.0000
   1173.4061    137.2652   1386.5756    522.2556   2484.6993      0.0000      0.0000      0.0000      0.0000
    970.8703   6042.4211   1334.5809   5451.3010    636.0091   5375.5133      0.0000      0.0000      0.0000
      0.0000   7857.3251      0.0000   9705.3867      0.0000   5346.5218      0.0000      0.0000      0.0000
      0.0000  18598.9745      0.0000  18180.7747      0.0000  10473.5114      0.0000      0.0000      0.0000
      0.0000   2837.4031      0.0000   3246.1504      0.0000   2258.6725      0.0000      0.0000      0.0000
      0.0000  13590.5458      0.0000  10211.0886      0.0000   7719.2763      0.0000      0.0000      0.0000
      0.0000    295.3852      0.0000   4375.7183      0.0000   2252.2218      0.0000      0.0000      0.0000
      0.0000   2617.1302      0.0000   7589.6349      0.0000   1720.7470      0.0000      0.0000      0.0000
      0.0000  19158.6817      0.6054  13123.9717      0.0000   7866.7623      0.0000      0.0000      0.0000
 114655.2804    789.7437  26213.4716     61.4901  29976.5202   2178.6299      0.0000      0.0000      0.0000
  88958.7757      0.0000  23183.5806      0.0000  30494.0306      0.0000      0.0000      0.0000      0.0000
 221351.9818      0.0000  40711.9612      0.0000  36528.6645      0.0000      0.0000      0.0000      0.0000
 278059.7241      0.0000  71766.8353      0.0000  64041.2675      0.0000      0.0000      0.0000      0.0000
  53258.2282      0.0000  15585.6096      0.0000  15579.1029      0.0000      0.0000      0.0000      0.0000
      0.0000  27348.9643      0.0000  38862.6053      0.0000  15730.8952      0.0000      0.0000      0.0000
      0.0000  44012.3122      0.0000  44284.2796      0.0000  11593.3709      0.0000      0.0000      0.0000
      0.0000  28652.3306      0.0000  28883.0083      0.0000   8288.2726      0.0000      0.0000      0.0000
   2360.1044   4354.0307    597.5346   9002.0298     40.6279   1947.7985      0.0000      0.0000      0.0000
 101712.9906     48.2778  44515.7758    732.5421  25550.0718    760.2644      0.0000      0.0000      0.0000
  50472.6562      0.0000  20171.1685      0.0000  16045.9706      0.0000      0.0000      0.0000      0.0000
 154027.1034      0.0000  86416.8088      0.0000  40018.2798      0.0000      0.0000      0.0000      0.0000
      0.0000  19400.6733      0.0000   7794.3455      0.0000   6253.1373      0.0000      0.0000      0.0000
      0.0000  53870.5122      0.0000  26449.8427      0.0000  14391.5342      0.0000      0.0000      0.0000
      0.0000 105845.3089      0.0000  39228.2686      0.0000  51584.1077      0.0000      0.0000      0.0000
  38633.4537  75877.7408  26572.2531  17294.3565  10259.1234  20675.0061      0.0000      0.0000      0.0000
 205011.1654      0.0000  64048.5923      0.0000  28407.1327      0.0000      0.0000      0.0000      0.0000
      0.0000   4838.5938      0.0000   6118.2629      0.0000   4138.7785      0.0000      0.0000      0.0000
      0.0000  55675.1822      0.0000  21727.5086      0.0000  22057.2191      0.0000      0.0000      0.0000
      0.0000  92483.1710      0.0000  30326.6495      0.0000  12551.0962      0.0000      0.0000      0.0000
      0.0000  67749.1435      0.0000   6153.1982      0.0000   5159.3318      0.0000      0.0000      0.0000
   3650.7132      0.0000   3835.9287     26.4752   3556.6780      5.3612      0.0000      0.0000      0.0000
     57.8489  28374.2714    407.4844  11886.4163    264.1022   5055.1445      0.0000      0.0000      0.0000
   3837.8956  44554.4395   2475.4897  39611.0424   1415.3436  14523.5622      0.0000      0.0000      0.0000
 107020.6509  96758.0739   5516.6653  12431.3119  12691.9095  23696.0723      0.0000      0.0000      0.0000
 177926.1012      0.0000  25410.7899      0.0000  32104.5241      0.0000      0.0000      0.0000      0.0000
     75.7582  75397.0839      0.0000  22250.1020      0.5064  27675.6535      0.0000      0.0000      0.0000
  19575.5143 102188.0840   6933.3298  25855.0496   5276.2562  38105.6103      0.0000      0.0000      0.0000
   1116.9391    280.6117    325.7738    148.1327   3182.6558    361.9445      0.0000    179.9520      0.0000
   1417.8023   4836.3834    689.5844   5514.1983   1426.7667   4503.2584      0.0000      0.0000      0.0000
      0.0000  24754.3361      0.0000  22367.3565      0.0000   4793.8724      0.0000      0.0000      0.0000
 174390.1211      0.0000  51895.2655      0.0000  37375.7881      0.0000      0.0000      0.0000      0.0000
 235275.8713      0.0000  16365.6132      0.0000  17640.3884      0.0000      0.0000      0.0000      0.0000
  13215.1032      0.0000  20005.9904      0.0000   9272.2223      0.0000      0.0000      0.0000      0.0000
  54887.6647      0.0000  15665.1489      0.0000   6944.1399      0.0000      0.0000      0.0000      0.0000
  29861.0566      0.0000   4799.0414      0.0000   1305.0354      0.0000      0.0000      0.0000      0.0000
      0.0000  16589.5205      0.0000  18043.4630      0.0000  13771.2213      0.0000      0.0000      0.0000
      0.0000  96686.6477      0.0000  37678.5184      0.0000  34302.0889      0.0000      0.0000      0.0000
 182397.7668      0.0000  42001.9020      0.0000  32461.0863      0.0000      0.0000      0.0000      0.0000
  80308.0274      0.0000  26136.7592      0.0000   2916.1958      0.0000      0.0000      0.0000      0.0000
 277225.1205  17422.4758  23361.5061   6261.6001  30377.0149   7078.1215      0.0000      0.0000      0.0000
  80173.7574      0.0000  19473.4053      0.0000   4069.5326      0.0000      0.0000      0.0000      0.0000
   1073.6702   4161.9362   1737.5533   6141.8837    532.7839   5006.4987      0.0000      0.0000      0.0000
      0.0000  43509.7866      0.0000  10886.9195     10.7633  14300.3077      0.0000      0.0000      0.0000
    223.0910  18737.2580    479.4868   8834.0224    482.9648   1696.4672      0.0000      0.0000      0.0000
      0.0000  11543.2275      0.0000  21143.9915      0.0000  17418.0968      0.0000      0.0000      0.0000
 103145.2563  91081.3463  29514.3971  22569.0431   7488.7039  31641.0048      0.0000      0.0000      0.0000
  84826.1323   3114.9169  23156.2164      0.0000   3785.5712      0.0000      0.0000      0.0000      0.0000
  15529.6711  81293.3833   4510.4763  20387.9954    688.4430  13266.6570      0.0000      0.0000      0.0000
  55434.3872  23169.3491   3359.3583   1226.4373   8526.1204   8626.1381      0.0000      0.0000      0.0000
      0.0000  26924.9440      0.0000  21648.6328      0.0000   9729.4694      0.0000      0.0000      0.0000
      0.0000  30521.3081      0.0000  12215.8859      0.0000   5641.2579      0.0000      0.0000      0.0000
    879.3735  12185.6723   3827.1756   8951.3011   1545.1217   4730.0814      0.0000      0.0000      0.0000
  65750.8896  24779.7714  19883.6114   7369.6116  29754.3775   9363.2046      0.0000      0.0000      0.0000
  81084.0719     20.5638  23709.3655      0.0000  21307.6339      0.0000      0.0000      0.0000      0.0000
      0.0000   9237.6460    331.6468  13778.2005      0.0000   8863.6813      0.0000      0.0000      0.0000
  13569.3889    165.8021  27919.4443    358.0757   4964.2686    218.7111      0.0000      0.0000      0.0000
    341.9849  17115.7109      9.7416  12944.6449    179.4310   9730.6467      0.0000      0.0000      0.0000
   1631.6463   3236.8362   2048.6336   2645.4838    386.3515   1167.1311      0.0000      0.0000      0.0000
      0.0000 100884.2456      0.0000  20253.1804      0.0000  22286.2945      0.0000      0.0000      0.0000
 149192.5275      0.0000  40997.6457      0.0000  21266.0643      0.0000      0.0000      0.0000      0.0000
  11335.5197   5425.0540   6211.4151   2985.1922  15606.0822     75.6641      0.0000      0.0000      0.0000
  54092.4173      0.0000  14748.6108      0.0000  23581.6481      0.0000      0.0000      0.0000    694.1096
 190435.2388      0.0000  43584.9683      0.0000  32713.0866      0.0000      0.0000      0.0000      0.0000
  53459.2010  50970.7538   5961.5812  23392.5640   7583.1418  16019.3430      0.0000      0.0000      0.0000
      0.0000  37662.1098      0.0000  11809.9916      0.0000   4741.4776      0.0000      0.0000      0.0000
   2331.9145      0.0000   2812.5972      0.0000   1516.4071      0.0000      0.0000      0.0000      0.0000
    679.4905   9481.2406     40.6929   7497.7467  11749.1804   5180.0313      0.0000      0.0000      0.0000
      0.0000  52306.3346      0.0000  24207.1677      0.0000  13006.5317      0.0000      0.0000      0.0000
 171984.3547      0.0000  13632.6545      0.0000  11594.2382      0.0000      0.0000      0.0000      0.0000
  67081.7625      0.0000   6404.6863      0.0000   2838.5127      0.0000      0.0000      0.0000      0.0000
    717.1623   6754.8416   2012.6863   5763.9947   5040.8639   3727.0797      0.0000      0.0000      0.0000
   1722.0128   1409.8653   3660.4775    979.9091    345.9572    140.4766      0.0000      0.0000      0.0000
 147549.5515      0.0000  27237.7003      0.0000  31765.6132      0.0000      0.0000      0.0000      0.0000
   2141.9849   1439.3056   1019.1087   5229.6535   3122.6902    822.6149      0.0000      0.0000      0.0000
      0.0000   8701.6667      0.0000   9950.4712      0.0000   6378.4774      0.0000      0.0000      0.0000
      0.0000  55088.9476      0.0000  26070.1982      0.0000  18105.2446      0.0000      0.0000      0.0000
      0.0000  33927.7641      0.0000  19219.3067      0.0000   5358.5898      0.0000      0.0000      0.0000
  24817.5393  83293.1279   8380.6449   4062.2533    112.5285   5455.2288      0.0000      0.0000      0.0000
 143348.7456      0.0000   4804.5149      0.0000  18758.6774      0.0000      0.0000      0.0000      0.0000
  93066.7458      0.0000  46215.4456      0.0000  18911.1982      0.0000      0.0000      0.0000      0.0000
      0.0000  50001.8170      0.0000  44428.1188      0.0000  59556.4392      0.0000      0.0000      0.0000
  32483.0150      0.0000  22215.2264      0.0000   8459.2382      0.0000      0.0000      0.0000      0.0000
  50852.1267      0.0000  39432.4186      0.0000  29772.0499      0.0000      0.0000      0.0000      0.0000
      0.0000   6298.8178    254.3175  19337.6735     57.5038   9438.9850      0.0000      0.0000      0.0000
      0.0000  38385.5609      0.0000   8493.5464      0.0000   3191.8375      0.0000      0.0000      0.0000
  67038.7330  32080.1542   4238.4056   4041.3576   6750.7932   2176.5126      0.0000      0.0000      0.0000
  94354.3644      0.0000  11693.3547      0.0000  15516.9304      0.0000      0.0000      0.0000      0.0000
      0.0000  16123.7127      0.0000  14500.6325      0.0000   3010.8139      0.0000      0.0000      0.0000
      0.0000  17123.7173      0.0000  12690.6053      0.0000   3129.2960      0.0000      0.0000      0.0000
      0.0000  14841.9305      0.0000  10421.2472      0.0000   4413.3086      0.0000      0.0000      0.0000
      0.0000  44756.7066      0.0000  10259.6898      0.0000   7797.9288      0.0000      0.0000      0.0000
    444.6116   2255.7454    433.1239   4605.6229    148.3914   1369.8743      0.0000      0.0000      0.0000
  59171.7957      0.0000  38534.1688      0.0000   9161.8304      0.0000      0.0000      0.0000      0.0000
   7433.4803   3181.3072     52.9994   1704.0866   9579.0858   1071.9678      0.0000      0.0000      0.0000
